0.8721199035644531
0.6332242488861084
0.6197435855865479
0.6133275032043457
0.6123855113983154
0.619147539138794
0.6093473434448242
0.6202957630157471
0.6198215484619141
0.6344776153564453
0.6162347793579102
0.6358618736267096
0.6220698356628418
0.6174931526184082
0.6161556243896484
0.6065468788146973
0.6049187183380127
0.6347336769104004
0.6199240684509277
0.6198554039001465
0.6362495422363281
0.6249978542327881
0.6119740009307861
0.6160180568695068
0.6054732799530029
0.6236970424652134
0.6267714500427246
0.6257169246673584
0.6203269958496094
0.6061701774597168
0.6122331619262695
0.6234927177429199
0.6187357902526855
0.6200408935546875
0.6279678344726562
0.6153993606567383
0.6123571395874023
0.6319270133972168
0.6041603088378906
0.6537318229675293
0.6166973114013672
0.6232700347900391
0.6269228458404541
0.6155393123626709
0.6198136806488037
0.6157796382904053
0.6299886703491211
0.6203176975250244
0.6242008209228516
0.6165089607238779
0.6241581439971924
0.6143000125885015
0.6326093673706055
0.6233556270599365
0.6247925758361816
0.6235275268554688
0.6198458671569824
0.6248140335083008
0.6130700111389165
0.6284117698669434
0.6062903404235848
0.6149253845214844
0.6203844547271729
0.6251165866851807
0.6369082927703857
0.6118481159210205
0.6154890060424805
0.6187460422515869
0.6118957996368408
0.6160256862640381
0.6084749698638916
0.6213457584381104
0.6272878646850586
0.6105248928070068
0.6286902427673348
0.6131615638732917
0.6260621547698975
0.6254796981811523
0.6279191970825195
0.6226990222930908
0.6180844306945801
0.6115517616271973
0.6346216201782227
0.6269154548645028
0.6175103187561035
0.6198830604553223
0.6397886276245117
0.6144206523895264
0.6286132335662842
0.6185960769653328
0.6247892379760742
0.6128280162811279
0.6183745861053467
0.6088716983795166
0.6296207904815674
0.6243839263916016
0.6303045749664307
0.6244778633117676
0.6314136981964111
0.6209886074066162